44 88
1	10	641
1	40	843
1	18	645
1	14	1121
1	32	384
1	9	243
1	31	67
1	39	293
2	38	162
2	30	632
2	20	288
2	11	692
3	36	861
3	13	609
4	23	210
4	10	765
4	19	225
4	36	316
5	27	713
5	16	479
5	17	187
5	25	550
5	33	526
6	28	398
6	30	391
6	20	246
6	11	793
6	34	550
7	37	780
7	30	293
7	38	230
8	14	6
9	33	1121
9	31	214
9	32	463
9	37	344
9	30	378
9	28	834
10	12	439
10	23	656
10	19	740
10	36	1059
10	40	955
10	39	350
10	25	573
11	34	1550
11	20	696
13	36	1278
13	26	625
14	29	330
14	32	752
14	40	875
14	36	1422
15	27	2720
16	27	920
16	42	309
16	17	294
17	27	883
17	25	461
18	40	241
19	36	370
20	30	431
21	28	437
21	33	470
22	36	954
24	41	522
24	35	982
24	27	1919
25	39	638
25	31	652
25	33	782
25	27	1251
27	42	1028
27	33	865
27	44	1984
27	43	2193
27	35	1090
28	33	963
28	30	597
30	37	393
30	38	472
31	33	1277
31	39	334
32	37	143
35	41	479
36	40	563
37	38	627
43	44	578
