44 88
1	10
1	40
1	18
1	14
1	32
1	9
1	31
1	39
2	38
2	30
2	20
2	11
3	36
3	13
4	23
4	10
4	19
4	36
5	27
5	16
5	17
5	25
5	33
6	28
6	30
6	20
6	11
6	34
7	37
7	30
7	38
8	14
9	33
9	31
9	32
9	37
9	30
9	28
10	12
10	23
10	19
10	36
10	40
10	39
10	25
11	34
11	20
13	36
13	26
14	29
14	32
14	40
14	36
15	27
16	27
16	42
16	17
17	27
17	25
18	40
19	36
20	30
21	28
21	33
22	36
24	41
24	35
24	27
25	39
25	31
25	33
25	27
27	42
27	33
27	44
27	43
27	35
28	33
28	30
30	37
30	38
31	33
31	39
32	37
35	41
36	40
37	38
43	44
